415
-690.783142 7991.095 -11.8712139 0
-693.1266 7973.001 1.01770592 0
-692.961731 7963.50146 5.359652 0
-692.8356 7958.14941 5.359527 0
-692.6191 7948.437 5.359527 0
-692.440857 7938.12158 5.359527 0
-692.346069 7934.331 5.359527 0
-692.080566 7932.36133 5.359527 0
-691.5995 7929.413 5.359527 0
-690.6619 7924.57275 5.359527 0
-689.4409 7919.90674 5.359527 0
-688.3507 7916.22168 5.359527 0
-687.762 7914.107 5.359527 0
-684.515442 7903.911 5.359527 0
-681.403442 7894.17871 5.359527 0
-679.897 7889.18359 5.359527 0
-678.469849 7884.10938 5.359527 0
-677.359863 7879.64941 5.359527 0
-676.329163 7875.051 5.359527 0
-675.4372 7870.67041 5.359527 0
-674.7831 7867.182 5.359527 0
-674.1488 7862.98 5.359527 0
-673.514465 7858.36133 5.359527 0
-673.0586 7854.377 5.359527 0
-672.642334 7849.87744 5.359527 0
-672.3252 7845.477 5.359527 0
-672.0675 7841.037 5.359527 0
-671.9288 7836.87451 5.359527 0
-671.8494 7832.53369 5.359527 0
-671.79 7828.827 5.359527 0
-671.79 7825.596 5.359527 0
-671.843933 7820.72 5.35953856 0
-672.274658 7800.585 5.35953856 0
-672.434265 7787.7627 5.35954046 0
-672.1875 7778.457 5.359507 0
-671.754944 7771.21826 5.359507 0
-671.258362 7766.242 5.35950947 0
-670.8245 7762.32031 5.35954332 0
-669.659241 7755.452 5.359524 0
-668.796753 7751.565 5.359561 0
-667.6215 7747.233 5.359561 0
-666.4386 7743.553 5.359585 0
-664.465332 7738.55664 5.359627 0
-662.9544 7735.249 5.359627 0
-661.470764 7732.43164 5.359627 0
-659.545349 7729.252 5.359627 0
-657.684143 7726.478 5.35967255 0
-655.1016 7723.064 5.35967255 0
-652.5448 7720.148 5.35967159 0
-649.4202 7717.05859 5.35967159 0
-646.1365 7714.12 5.35967159 0
-642.7734 7711.52344 5.35967159 0
-640.0454 7709.657 5.35965633 0
-637.077942 7707.77832 5.35972261 0
-633.7549 7705.84473 5.3597703 0
-628.293945 7703.11572 5.3597703 0
-622.863831 7700.771 5.36004 0
-617.377563 7698.76855 5.34882641 0
-612.7324 7697.246 5.36363268 0
-607.4383 7695.66455 5.363538 0
-603.5448 7694.64746 5.36536551 0
-597.7123 7693.24854 5.356228 0
-589.8454 7691.55859 5.36115 0
-582.8911 7690.20264 5.34457 0
-570.7908 7688.149 5.362028 0
-562.9918 7686.95752 5.36383724 0
-556.297058 7686.12256 5.400792 0
-550.391052 7685.594 5.495268 0
-543.3157 7685.10059 5.62017059 0
-535.935547 7684.497 5.74062157 0
-531.337646 7683.993 5.794788 0
-527.9184 7683.351 5.802079 0
-524.1005 7682.36 5.7784543 0
-520.7445 7681.20947 5.76812 0
-515.9675 7679.10742 5.69921732 0
-510.457123 7676.29053 5.61367559 0
-505.6289 7673.21973 5.49056435 0
-501.1359 7670.03857 5.43657064 0
-497.945435 7667.661 5.378435 0
-493.987244 7664.733 5.36329 0
-483.94928 7657.527 5.36333942 1
-467.716339 7645.87061 5.36340427 0
-455.113037 7636.833 5.36340427 0
-444.349121 7629.09375 5.363306 0
-433.708862 7621.464 5.36316967 0
-423.654541 7614.23047 5.36316872 0
-415.041534 7608.02441 5.36316824 0
-407.407562 7602.536 5.36316442 0
-393.807861 7592.75928 5.363144 0
-378.4716 7581.74072 5.36327028 0
-365.624481 7572.528 5.36326456 0
-361.482819 7569.62744 5.363265 0
-357.609863 7566.96338 5.36321449 0
-353.343719 7564.30029 5.36321449 0
-350.531921 7562.71631 5.36321449 0
-346.443634 7560.604 5.363215 0
-341.70105 7558.459 5.36334467 0
-337.266541 7556.805 5.36334467 0
-332.924042 7555.518 5.363344 0
-328.7938 7554.543 5.36333561 0
-325.404449 7553.931 5.36333752 0
-321.848328 7553.47 5.363544 0
-316.180054 7553.028 5.363569 0
-310.424561 7552.99072 5.363569 0
-304.5571 7553.33936 5.36356831 0
-299.467 7553.908 5.36356831 0
-293.843781 7554.82764 5.363566 0
-289.403778 7555.74 5.363566 0
-286.1985 7556.519 5.36398649 0
-280.700165 7557.98242 5.363561 0
-271.888947 7560.79834 5.36360645 0
-262.720337 7564.24756 5.3636055 0
-255.77005 7567.20459 5.36312628 0
-247.693329 7570.93848 5.363605 0
-241.6574 7573.954 5.36357737 0
-236.202576 7576.857 5.363577 0
-228.721954 7581.03955 5.363577 0
-223.496857 7584.102 5.363577 0
-218.5101 7587.14648 5.363593 0
-212.265671 7591.149 5.363593 0
-205.882156 7595.341 5.36364 0
-197.344955 7601.26465 5.369817 0
-191.950211 7605.12256 5.363615 0
-185.103729 7610.19727 5.363615 0
-176.884766 7616.442 5.363617 0
-170.612122 7621.346 5.363655 0
-163.980484 7626.653 5.363659 0
-157.579315 7631.82666 5.36382771 0
-148.59404 7639.2666 5.36390972 0
-136.990738 7649.05664 5.36390972 0
-129.266708 7655.643 5.36390972 0
-117.884605 7665.46436 5.36390972 0
-110.820259 7671.594 5.36390972 0
-100.073639 7680.98047 5.36355972 0
-91.2682343 7688.694 5.36355972 0
-84.30907 7694.78955 5.36356068 0
-75.4486847 7702.60059 5.36346769 0
-67.4388046 7709.676 5.363982 0
-59.58796 7716.52832 5.37023 0
-56.5182457 7719.2627 5.400952 0
-53.6763 7721.713 5.400952 0
-49.97282 7724.924 5.400952 0
-46.28774 7728.157 5.400952 0
-43.51778 7730.525 5.400952 0
-40.58401 7733.08643 5.400952 0
-37.0992241 7736.05 5.400952 0
-34.2697 7738.507 5.400952 0
-31.29125 7740.979 5.400952 0
-27.5979748 7744.10645 5.400952 0
-25.11097 7746.16162 5.400952 0
-21.2836647 7749.289 5.400952 0
-16.920229 7752.759 5.400952 0
-13.3510246 7755.577 5.400952 0
-10.1018085 7758.063 5.400952 0
-6.249518 7760.98 5.400952 0
-2.47107315 7763.7124 5.400952 0
1.63967752 7766.74 5.400952 0
5.24581528 7769.239 5.400952 0
9.118441 7771.918 5.400952 0
14.05401 7775.07 5.400952 0
18.434576 7777.805 5.400952 0
22.8746071 7780.44141 5.400952 0
27.0146484 7782.809 5.400952 0
31.4674263 7785.23633 5.400952 0
34.3416252 7786.77 5.400952 0
36.90329 7788.03564 5.400952 0
39.8668442 7789.45 5.400952 0
42.7559357 7790.76074 5.400952 0
45.45143 7791.803 5.400952 0
47.9533272 7792.652 5.400952 0
50.529686 7793.322 5.400952 0
53.3728371 7793.81445 5.400952 0
56.2595367 7794.094 5.400952 0
57.83715 7794.18359 5.400952 0
77.3503342 7794.18359 5.400952 0
82.02723 7794.17236 5.400952 0
86.59224 7794.027 5.400952 0
92.58942 7793.1543 5.400952 0
96.02436 7792.237 5.400952 0
98.374 7791.36426 5.400952 0
101.16 7789.966 5.400952 0
103.6556 7788.511 5.400952 0
107.1946 7786.00439 5.400952 0
110.962334 7782.85938 5.400952 0
114.680923 7779.288 5.400952 0
119.1203 7774.75049 5.400952 0
123.1829 7770.229 5.400952 0
128.457733 7764.25 5.400952 0
133.50322 7758.32 5.400952 0
139.979 7750.59473 5.400952 0
144.501 7745.018 5.400952 0
148.219589 7740.431 5.400952 0
152.0856 7735.64746 5.400952 0
155.673141 7731.192 5.400952 0
158.589035 7727.55566 5.400952 0
161.898087 7723.46 5.400952 0
165.387344 7719.037 5.400952 0
168.680008 7714.86 5.400952 0
171.840851 7710.933 5.400952 0
175.481918 7706.33252 5.400952 0
178.9487 7702.01563 5.400952 0
182.58992 7697.437 5.400952 0
184.843262 7694.53857 5.436868 0
188.095764 7690.4624 5.400937 0
191.5288 7687.00146 5.400937 0
194.713486 7684.14648 5.4009347 0
196.676712 7682.713 5.40093565 0
197.967621 7681.867 5.400936 0
199.91394 7680.78564 5.40092659 0
201.8761 7679.95068 5.400917 0
204.037781 7679.028 5.33353329 0
206.656387 7678.233 5.365058 0
209.0916 7677.667 5.390051 0
211.606644 7677.227 5.313253 0
214.788925 7676.77344 5.21488571 0
219.46254 7676.386 5.28120661 0
222.735748 7676.23975 5.236641 0
226.937958 7676.152 5.134571 0
236.82193 7676.19531 4.871072 0
243.573334 7676.245 4.6649065 0
252.250412 7676.275 4.3805 0
259.444183 7676.1377 4.214295 0
271.268127 7675.691 3.88211823 0
276.306366 7675.38037 3.80895662 0
281.3605 7674.978 3.70798016 0
286.100372 7674.56641 3.71554565 0
290.542175 7674.105 3.69097281 0
295.00766 7673.561 3.65814638 0
298.2745 7673.138 3.63026619 0
301.348053 7672.682 3.63026619 0
304.9567 7672.11 3.63026619 0
308.578644 7671.479 3.63026619 0
313.263733 7670.542 3.63026619 0
317.714569 7669.623 3.63026619 0
321.823029 7668.614 3.53227735 0
325.8414 7667.53271 3.53227735 0
328.850677 7666.686 3.53227735 0
333.3916 7665.22656 3.53227735 0
338.851532 7663.29834 3.53227735 0
344.203339 7661.118 3.53227735 0
346.8522 7659.947 3.51852655 0
349.753357 7658.559 3.528305 0
352.7446 7657.08154 3.54282045 0
355.5917 7655.55 3.55230331 0
358.006317 7654.198 3.55832243 0
360.709259 7652.59473 3.56359172 0
363.286072 7650.955 3.56359172 0
366.04306 7649.117 3.56359172 0
368.4757 7647.44141 3.56359172 0
372.20575 7644.68457 3.56359172 0
374.944733 7642.52246 3.56359172 0
377.0793 7640.84375 3.56359172 0
379.728363 7638.59131 3.56359172 0
381.926758 7636.699 3.49712014 0
384.05307 7634.789 3.49712014 0
386.0172 7632.933 3.49712014 0
388.557983 7630.48242 3.49712014 0
392.053772 7627.005 3.49712014 0
396.648773 7622.26563 3.67532158 0
399.2436 7619.43652 3.67532158 0
404.855835 7613.08057 3.67532158 0
411.9791 7604.61426 3.67532158 0
418.3056 7597.01074 3.67532158 0
427.853424 7585.083 3.67532158 0
437.01 7573.69531 3.67532158 0
447.325562 7560.979 3.67532158 0
455.345825 7551.00635 3.67532158 0
462.363556 7542.32666 3.67532158 0
473.1754 7528.985 3.67532158 0
486.93515 7511.87549 3.67532158 0
494.090729 7503.05469 3.67532158 0
503.254364 7491.67871 3.67532158 0
512.984741 7479.59229 3.67532158 0
521.949463 7468.512 3.67532158 0
531.380249 7456.87646 3.67532158 0
538.770142 7447.689 3.67532158 0
551.872864 7431.401 3.67532158 0
559.0027 7422.57031 3.67532158 0
566.8956 7412.519 3.67532158 0
569.1481 7409.47363 3.67532158 0
572.265442 7405.23926 3.67532158 0
575.4729 7400.59033 3.67532158 0
577.689331 7397.1665 3.67532158 0
581.2212 7391.112 3.67532158 0
584.2665 7385.30957 3.67532158 0
586.446838 7380.841 3.67532158 0
588.429 7376.336 3.67532158 0
590.8797 7370.47949 3.67532158 0
593.492554 7363.97461 3.67532158 0
596.2856 7357.10938 3.67532158 0
598.7246 7351.516 3.67532158 0
603.031433 7342.01855 3.67532158 0
605.8745 7336.29541 3.67532158 0
609.5488 7329.14355 3.67532158 0
616.129639 7317.47168 3.67532158 0
620.4904 7309.753 3.771543 0
624.6113 7302.209 3.771543 0
629.6044 7292.31 3.771543 0
633.638062 7283.523 3.771543 0
636.7124 7276.066 3.771543 0
639.9366 7267.89355 3.81642246 0
644.37384 7255.316 3.87707043 0
647.6938 7245.03662 3.92580152 0
650.9818 7234.78955 4.122136 0
655.036 7221.031 4.212303 0
658.0048 7210.52832 4.28974438 0
660.7502 7200.21729 4.31112051 0
663.5993 7189.29248 4.54968262 0
667.108154 7175.046 4.598343 0
668.5592 7169.00439 4.67923069 0
670.0572 7162.69141 4.7497 0
671.2007 7157.647 4.703911 0
672.2418 7152.96875 4.76155233 0
673.3922 7147.63672 4.80077934 0
674.6156 7142.019 4.86 0
675.637634 7136.90527 4.86 0
676.7782 7131.30957 4.932895 0
677.8827 7125.77539 5.01164246 0
678.959045 7120.13232 5.095514 0
680.090759 7114.001 5.129054 0
681.5188 7106.17334 5.129068 0
682.8376 7098.937 5.261738 0
684.52655 7090.16748 5.378141 0
686.1099 7082.121 5.47370863 0
687.555969 7075.501 5.601844 0
688.954651 7069.35742 5.67653465 0
690.6652 7062.51172 5.830013 0
692.73175 7055.06 6.019722 0
695.2149 7046.91064 6.27915764 0
696.9092 7041.661 6.454388 0
699.7808 7033.644 6.78711033 0
705.169556 7020.05371 7.40797 0
707.7806 7014.12354 7.74995327 0
709.9869 7009.306 8.083406 0
712.84436 7003.41553 8.466134 0
715.870667 6997.41943 8.82700348 0
719.8361 6989.909 9.503832 0
724.493347 6981.32031 10.2334919 0
727.531067 6975.90332 10.6566753 0
733.9635 6964.552 11.8013086 0
738.9196 6955.618 12.7195759 0
744.624939 6944.798 13.9037237 0
748.2007 6937.57861 14.7955236 0
750.9018 6931.558 15.4779558 0
753.9106 6924.267 16.3923168 0
755.3852 6920.432 16.8070469 0
759.3785 6907.92969 18.3650646 0
760.226257 6904.36 18.8449268 0
761.0872 6900.702 19.2704124 0
762.1599 6895.58447 19.9369354 0
763.1611 6890.122 20.6677265 0
764.0808 6884.52539 21.3687878 0
764.9538 6878.40039 22.063961 0
765.7941 6871.994 22.8659325 0
766.9621 6861.995 23.9751835 0
768.294739 6850.3833 25.2840652 0
769.1559 6842.662 26.2039452 0
770.1574 6833.11768 26.9934158 0
770.7457 6825.44043 27.35783 0
771.3409 6815.622 28.1198463 0
771.850647 6807.84131 28.1198463 0
772.71875 6801.63 28.1197281 0
774.2371 6795.27441 28.1261463 0
775.926636 6790.2417 28.37407 0
779.1046 6781.25244 28.37407 0
781.8359 6773.58057 28.37407 0
784.699341 6765.536 28.37407 0
787.8996 6756.4585 28.37407 0
791.7344 6745.582 28.37407 0
794.552 6737.53174 28.37407 0
798.207947 6727.08057 28.37407 0
800.9834 6719.221 28.37407 0
804.0642 6710.332 28.37407 0
808.0897 6698.82959 28.37407 0
811.372 6689.45947 28.3739758 0
814.3231 6680.94971 28.3739758 0
818.4128 6669.102 28.3739758 0
821.329163 6660.71436 28.3739758 0
826.125061 6646.666 28.3739758 0
829.0746 6638.046 28.3739758 0
831.5904 6630.679 28.3739758 0
833.773743 6624.17969 28.3739758 0
836.3952 6616.296 28.3739758 0
839.9517 6605.36035 28.3739758 0
841.689453 6599.972 28.3739758 0
842.9621 6595.82 28.3739758 0
844.1561 6591.90234 28.3739758 0
845.082764 6588.5625 28.3739758 0
846.0835 6585.20947 28.3739758 0
847.04834 6581.51172 28.3739758 0
848.00354 6577.084 28.3745117 0
849.05365 6570.933 28.3745117 0
849.630737 6563.621 28.3745117 0
849.631165 6560.17871 28.3745117 0
849.5083 6556.66357 28.3745117 0
849.123352 6550.30566 28.3745117 0
848.6109 6544.20459 28.3745117 0
847.7345 6536.8125 28.3745117 0
846.9079 6531.38232 28.3745117 0
845.765869 6525.809 28.3742981 0
844.6477 6520.768 28.3742981 0
842.5869 6513.6626 28.3742981 0
840.8477 6508.1875 28.37373 0
838.233154 6500.62842 28.6060047 0
836.4546 6496.055 28.60601 0
833.532349 6489.05566 28.8475418 0
830.5533 6482.705 28.8475418 0
826.4398 6474.88135 29.3323441 0
822.735657 6469.01367 29.8521862 0
819.249 6464.03027 29.8521862 0
814.256653 6457.723 30.2586937 0
809.4102 6452.99561 30.66961 0
804.89386 6449.256 30.9041157 0
799.699768 6445.80762 31.083046 0
795.0875 6443.55957 31.0829544 1
